Nível      | Nº de Nós       | Tempo Médio Montagem (s)  | Tempo Médio Resolução (s)
--------------------------------------------------------------------------------
1          | 38              | 5.850600e-03              | 5.340100e-04
2          | 92              | 8.221610e-03              | 6.576800e-04
3          | 224             | 1.469176e-02              | 9.243100e-04
4          | 490             | 2.663682e-02              | 1.566070e-03
5          | 1256            | 6.488656e-02              | 3.537880e-03
6          | 2764            | 1.805374e-01              | 9.420490e-03
7          | 7310            | 4.156756e-01              | 2.202387e-02
8          | 17304           | 9.973016e-01              | 5.712269e-02
9          | 52326           | 3.122709e+00              | 1.847926e-01
10         | 125082          | 7.753865e+00              | 5.227780e-01             